499	100	
49	79	6
24	31	6
24	35	12
31	71	7
64	92	19
20	40	12
85	87	20
61	87	1
72	95	8
75	86	6
84	95	19
89	92	9
89	99	5
3	72	20
93	94	11
26	29	12
7	61	9
68	94	20
25	61	1
5	65	10
10	78	12
10	37	12
89	98	19
64	76	19
24	67	2
49	61	19
10	76	18
34	46	13
66	84	18
25	64	17
68	80	15
11	48	19
91	92	12
24	92	6
44	65	20
29	84	18
66	82	2
71	97	20
97	98	5
27	65	7
7	21	5
85	99	15
36	91	9
1	35	18
66	78	5
23	76	11
18	44	3
20	50	6
7	52	10
41	87	19
69	93	13
49	90	20
30	84	20
80	82	6
90	94	16
0	88	4
74	91	17
95	97	5
20	30	13
31	73	2
46	85	19
46	93	18
39	87	7
59	81	15
21	52	18
42	56	17
36	79	15
65	70	12
95	99	20
3	59	17
23	77	16
67	93	4
92	97	4
3	80	5
56	91	14
35	70	5
59	70	15
41	85	2
73	95	16
6	54	4
44	59	18
39	61	4
39	72	12
95	98	8
45	59	2
30	78	12
19	88	6
12	54	17
17	40	8
16	90	9
36	59	4
93	98	14
36	49	1
81	83	20
9	56	1
80	88	15
44	73	17
1	69	1
60	69	3
9	93	4
51	59	9
34	38	4
72	75	6
73	83	14
1	6	16
84	88	5
68	99	11
35	62	3
75	92	18
84	97	3
60	88	11
4	75	16
96	99	10
81	88	16
3	30	18
96	98	8
19	72	20
55	78	19
3	29	20
54	90	6
31	90	11
23	96	16
20	65	3
30	74	16
83	90	6
8	43	3
34	58	18
51	76	10
83	98	10
61	69	7
42	75	1
18	65	10
26	59	10
61	70	16
74	95	6
41	58	6
58	93	18
46	76	13
47	86	3
89	91	13
3	22	14
2	16	1
68	82	18
20	53	1
27	66	1
41	42	5
46	73	17
8	46	9
27	37	17
83	99	4
62	83	16
95	96	11
33	89	13
70	80	7
59	89	5
36	77	20
88	92	8
24	85	19
30	91	6
66	88	4
11	37	11
48	80	6
37	70	4
15	86	7
11	58	9
39	42	16
44	98	12
55	94	19
87	88	1
78	81	13
10	38	14
37	41	9
57	66	6
82	99	17
43	65	20
24	29	18
21	85	6
59	92	7
30	90	11
63	86	14
19	35	18
56	69	7
61	84	13
63	97	15
16	91	13
30	66	5
49	92	7
45	63	16
29	43	18
82	91	9
53	63	4
49	94	20
0	14	1
9	84	10
11	22	17
34	82	5
52	83	16
16	65	16
91	93	2
88	96	6
91	95	17
1	91	17
73	85	5
80	91	4
44	86	7
66	98	3
6	92	15
65	68	6
97	99	9
39	75	4
87	93	8
69	96	13
62	68	12
57	89	11
27	91	13
17	63	19
67	86	14
10	30	9
76	81	1
78	86	17
64	82	16
12	98	6
67	84	15
44	97	15
54	61	14
59	83	12
38	68	6
49	93	17
58	59	14
43	90	13
75	76	16
94	96	18
13	40	14
77	99	9
68	69	8
8	97	4
22	58	20
52	57	17
35	65	12
14	15	4
74	76	12
9	24	6
70	94	12
12	59	2
22	24	16
1	83	15
57	62	17
18	84	7
25	33	15
71	73	16
35	83	15
44	91	4
76	97	3
48	52	1
40	74	15
24	63	9
94	98	15
49	73	16
86	96	7
17	61	7
60	78	16
55	63	11
73	80	20
14	90	5
38	57	5
8	39	16
77	80	20
36	89	17
55	96	18
86	95	20
83	86	5
35	98	7
69	79	9
46	79	19
67	95	7
43	89	13
85	89	3
74	75	3
55	87	10
28	35	1
70	84	17
87	90	17
59	67	12
88	89	4
37	84	19
24	50	12
45	51	17
43	56	11
48	71	16
16	96	16
27	75	14
7	11	1
15	51	4
61	65	2
17	54	1
55	70	17
69	78	11
19	91	2
92	93	11
86	99	9
53	73	5
90	98	1
4	43	1
55	59	15
92	94	12
57	79	12
76	78	16
65	76	11
90	92	9
11	88	15
65	86	1
10	66	16
79	87	4
51	93	20
96	97	4
10	99	20
87	99	4
66	81	16
31	96	17
32	42	1
48	79	6
41	60	16
0	89	11
73	86	18
21	42	6
11	17	5
5	33	10
80	83	5
77	97	3
13	75	14
61	64	12
57	96	6
9	90	19
82	98	3
67	78	13
92	95	1
48	78	13
68	96	19
89	93	8
98	99	12
11	80	11
92	96	19
84	85	17
66	83	5
81	82	7
80	85	18
22	92	18
7	78	4
31	53	11
10	18	13
86	88	4
9	74	12
7	65	7
92	99	5
30	53	20
75	96	1
11	28	2
3	87	19
22	50	12
65	81	3
12	78	19
13	60	20
27	94	19
53	95	5
41	80	13
47	93	18
51	83	14
24	39	17
24	91	3
4	51	12
70	99	9
47	92	8
69	75	4
36	68	17
5	64	1
71	77	14
62	69	2
37	65	7
50	87	5
50	83	13
80	96	7
43	51	5
79	84	12
51	52	2
20	76	11
58	83	2
15	65	19
46	61	7
71	87	13
25	81	8
54	94	13
65	79	16
66	95	18
41	51	13
48	67	8
6	74	3
55	71	19
9	92	18
45	61	13
12	81	10
18	25	16
23	65	4
43	44	8
45	66	19
85	96	19
76	79	8
40	83	15
47	83	2
63	99	4
27	76	2
81	94	14
17	59	5
51	78	3
60	83	1
75	81	2
44	58	16
42	72	9
25	41	7
11	82	3
70	81	16
11	29	17
8	85	1
74	93	4
79	85	12
26	84	20
83	91	2
3	79	10
12	18	16
33	86	20
90	97	16
4	19	2
65	82	8
35	59	19
78	91	8
42	57	5
94	99	17
39	44	4
31	98	16
71	74	18
71	85	4
30	47	3
17	96	11
68	97	1
32	63	15
0	67	11
59	91	16
63	95	13
52	95	4
30	67	10
3	53	7
58	95	20
24	30	7
50	52	13
23	26	18
38	65	4
13	79	11
58	99	11
63	75	13
15	98	15
18	80	15
63	74	4
38	77	19
52	65	8
67	89	16
56	65	3
74	97	15
75	91	12
22	56	19
91	98	13
45	94	17
93	99	16
36	54	6
30	85	6
6	11	20
62	74	7
11	76	12
70	73	2
40	86	8
32	88	5
79	80	13
0	1	4
0	2	4
2	3	19
3	4	5
3	5	6
4	7	12
4	8	9
6	9	12
2	10	7
6	12	3
12	13	9
1	20	14
1	23	7
19	27	6
16	32	20
10	34	4
22	36	1
2	45	17
18	55	17
