495	100	
5	32	2
37	92	5
48	64	1
78	79	19
66	69	19
80	96	5
95	99	6
41	53	7
80	84	4
92	98	16
37	55	12
66	98	3
56	78	9
61	84	17
90	97	1
30	53	17
48	73	2
31	67	19
93	98	16
51	52	17
54	85	8
71	85	3
65	69	10
35	99	12
13	17	19
62	88	13
24	67	3
66	88	7
54	88	9
98	99	16
77	92	6
84	86	20
91	92	14
68	77	18
71	75	13
70	97	6
72	89	3
39	80	16
80	99	3
3	20	14
9	16	12
35	38	3
31	85	16
96	98	9
89	97	9
79	87	2
1	19	12
66	80	12
32	33	3
48	52	8
5	56	13
89	92	9
37	86	2
71	74	13
36	93	8
85	96	4
76	96	12
4	24	3
65	85	12
59	92	12
11	17	12
74	77	2
9	40	9
65	75	5
82	92	10
33	99	16
24	60	13
14	94	2
83	85	20
92	97	6
62	98	1
67	72	3
89	98	11
52	87	14
70	87	3
45	78	12
26	90	1
93	99	2
96	97	4
34	74	14
36	94	2
33	93	18
37	49	4
44	51	9
72	94	14
77	89	12
24	58	5
12	26	12
51	65	8
0	76	1
70	74	17
78	84	7
14	66	7
22	61	2
42	44	5
15	60	19
20	63	12
0	79	4
83	88	18
87	96	7
68	72	2
18	42	14
7	56	16
76	99	7
33	83	2
97	98	15
33	42	18
48	81	5
15	74	6
69	75	15
33	78	9
79	86	6
77	84	2
22	41	8
30	86	4
17	74	5
59	61	11
25	66	9
22	78	14
84	87	8
28	36	11
13	77	16
58	74	3
87	88	11
83	98	4
28	42	15
48	55	7
78	80	2
14	65	10
15	33	1
73	94	11
37	58	6
97	99	18
70	81	13
17	81	19
16	46	12
77	85	17
54	83	11
86	95	2
93	97	8
42	85	13
28	59	7
56	86	4
25	52	8
70	77	7
49	73	10
89	99	18
55	86	6
85	95	14
67	99	20
37	77	8
0	69	4
84	99	6
68	74	13
88	96	5
4	6	2
67	87	9
71	83	4
64	88	5
66	87	7
75	87	14
93	95	19
81	88	13
94	95	1
47	84	1
87	94	4
19	67	12
12	50	9
28	31	20
37	62	2
39	66	6
25	30	14
73	91	9
30	49	16
3	50	9
92	96	1
66	81	8
49	75	12
55	69	1
82	86	20
19	94	7
8	11	10
4	54	9
54	68	20
16	18	16
49	83	20
41	76	10
73	77	10
15	17	5
11	91	15
52	90	16
71	89	15
40	86	18
93	96	7
19	78	18
5	60	4
27	95	7
93	94	2
67	84	3
71	78	2
36	50	2
64	83	19
14	63	2
75	91	4
51	61	19
32	43	18
56	69	19
32	74	11
70	82	1
72	79	16
73	97	2
3	37	20
30	65	4
49	94	5
86	88	8
18	70	17
49	82	12
75	82	13
86	97	6
77	98	20
88	95	15
47	78	9
18	44	16
16	41	17
76	80	1
49	90	18
75	95	5
31	87	8
9	59	3
3	45	6
86	91	18
63	69	12
22	50	3
88	97	9
91	97	4
9	26	20
51	56	11
59	75	6
40	80	14
21	36	12
79	81	1
84	96	7
28	47	18
40	63	14
24	85	8
60	67	19
25	99	9
60	64	11
49	81	12
2	23	16
6	35	1
29	96	19
30	55	2
58	70	7
53	77	14
24	53	13
53	54	10
49	76	7
63	84	1
69	80	20
2	29	7
79	83	4
42	58	12
71	95	10
31	79	9
60	81	15
38	47	16
3	61	17
39	55	9
64	90	14
50	67	20
64	78	5
4	63	8
51	66	1
74	82	11
72	77	15
12	67	4
67	97	15
52	94	16
27	92	5
48	56	12
3	29	16
27	75	12
21	97	20
60	74	5
49	52	8
12	33	6
51	70	4
47	93	18
53	78	13
40	96	8
64	76	6
5	76	11
15	94	18
83	96	1
70	76	7
20	55	12
34	61	17
27	44	18
49	56	20
16	53	19
37	68	7
90	96	7
41	92	5
67	75	3
56	59	17
66	79	10
35	49	13
24	37	15
50	89	2
9	23	7
39	50	2
72	84	7
80	89	7
20	68	2
40	61	16
47	72	2
13	20	16
65	72	12
62	91	12
67	90	18
4	15	13
78	93	12
6	91	12
50	80	18
68	86	2
46	99	12
72	82	12
91	94	19
49	95	11
34	71	15
86	96	13
56	88	8
36	49	13
62	72	10
44	78	11
69	79	9
4	60	13
28	43	12
30	94	12
11	68	10
87	99	5
11	50	10
73	86	6
65	71	4
89	93	12
16	55	20
33	52	2
92	95	14
7	21	18
57	77	3
42	64	13
25	88	13
75	94	2
57	63	3
85	94	10
8	59	5
68	81	7
87	98	3
28	41	3
23	45	4
42	59	13
89	96	4
53	59	9
10	41	8
82	98	19
83	89	16
72	87	11
32	86	20
28	90	17
84	85	6
71	93	13
20	94	14
5	29	7
13	49	19
6	67	6
55	87	12
8	57	14
81	86	15
23	40	11
82	99	17
10	19	3
52	56	19
16	90	17
13	89	20
92	99	17
24	78	1
79	80	13
18	67	8
30	81	14
8	58	9
37	38	14
0	90	3
80	82	9
55	99	13
61	87	13
9	48	18
82	83	10
82	84	4
30	32	9
20	56	20
66	73	2
55	79	11
50	87	20
43	97	5
51	79	12
19	91	8
71	87	20
54	82	4
39	91	18
75	76	3
69	71	10
49	91	1
65	67	7
18	31	17
96	99	18
32	88	13
68	71	3
80	88	2
65	80	11
61	75	17
23	70	10
26	69	3
35	76	18
23	37	5
47	70	15
9	39	15
10	80	2
90	99	3
23	83	6
41	67	16
78	96	19
27	90	12
36	39	19
31	37	16
11	48	15
11	62	13
79	90	6
8	12	1
0	85	11
5	30	9
38	49	14
81	93	6
15	52	20
20	35	2
95	98	8
18	63	9
88	94	20
18	88	19
22	56	7
69	92	6
89	91	6
2	50	7
23	35	18
38	85	2
32	82	8
1	13	1
73	76	19
49	67	18
68	95	6
24	98	15
38	68	3
21	79	4
39	68	4
71	88	2
33	46	3
70	73	4
80	98	19
57	90	20
4	58	14
58	97	13
27	33	20
69	87	6
79	98	6
46	50	1
71	82	16
53	70	19
12	45	18
78	86	19
34	64	17
0	1	5
0	2	11
1	3	12
1	4	16
4	5	12
3	7	7
5	8	11
8	9	17
6	10	17
9	14	6
5	22	3
11	25	20
14	27	10
0	28	17
7	34	10
