497	100	
57	96	6
35	85	15
20	61	10
22	41	17
69	88	19
86	93	16
10	16	16
93	96	19
78	95	10
27	52	4
55	66	3
19	81	18
27	37	1
98	99	10
9	86	12
35	68	19
16	39	20
24	32	8
50	88	18
57	73	15
81	84	12
68	69	14
35	97	13
67	73	18
54	57	13
50	77	16
11	70	3
57	91	11
1	40	15
42	76	9
45	82	9
42	94	5
61	66	7
49	56	20
43	98	20
53	90	10
18	84	18
84	92	3
5	67	11
90	97	18
1	99	11
23	30	18
76	88	16
66	87	8
95	96	18
12	36	2
42	80	20
81	98	8
73	79	5
83	92	16
84	99	12
60	96	7
2	88	13
54	56	11
3	28	8
59	97	3
6	24	7
61	70	2
43	84	17
44	63	20
84	98	12
43	91	6
44	52	13
59	66	19
71	83	9
25	58	9
29	43	12
54	87	9
85	90	17
30	31	6
41	89	14
44	72	5
8	36	5
41	72	8
26	35	20
29	63	16
17	61	8
55	74	20
61	94	17
64	70	14
76	79	13
40	81	14
11	38	18
9	65	3
65	71	4
28	71	19
91	92	11
9	73	7
86	88	3
90	98	8
97	98	7
8	49	17
77	84	19
19	62	2
28	91	14
36	44	7
41	86	8
53	96	18
89	91	7
78	94	4
30	62	10
34	78	10
37	91	15
41	77	3
79	89	14
58	81	19
23	99	10
41	65	16
64	84	12
83	89	1
15	51	5
47	51	8
85	91	2
73	82	4
36	51	20
44	46	6
21	56	16
45	69	13
70	94	12
23	62	20
80	93	1
91	94	1
70	97	16
66	86	14
31	44	9
16	52	18
84	85	8
61	84	19
61	76	14
75	76	7
35	42	9
76	95	14
29	39	8
72	85	6
92	97	18
20	64	13
52	74	2
40	59	1
10	27	8
78	88	16
48	99	6
64	85	20
64	95	8
73	92	19
45	74	17
73	87	17
88	96	3
58	76	20
4	87	3
19	53	17
22	40	15
78	93	3
44	71	6
42	62	4
59	78	19
21	42	8
62	69	20
68	70	1
67	70	3
30	56	3
64	76	19
18	54	8
72	93	10
85	96	19
93	99	7
75	79	1
38	42	14
1	42	18
6	48	7
39	75	4
41	45	9
6	74	16
20	58	11
6	75	19
95	98	5
94	96	8
70	95	7
19	49	3
73	81	1
87	96	11
4	90	19
27	44	13
22	76	12
12	71	1
48	68	7
66	84	13
70	72	5
12	45	12
63	77	9
5	57	9
72	88	19
14	59	8
77	82	5
0	53	13
41	92	18
42	77	5
42	84	20
8	25	19
28	73	8
23	32	11
34	81	20
34	71	7
1	6	20
7	95	8
80	89	18
63	90	5
35	90	8
90	96	4
59	81	6
49	50	9
75	80	15
65	73	19
30	82	20
79	87	2
50	70	5
67	97	15
50	83	4
42	90	18
58	85	16
93	98	15
79	92	7
19	89	6
68	78	19
7	10	16
39	79	4
9	77	8
30	97	6
31	80	16
19	84	7
7	39	15
30	36	6
40	42	6
66	67	16
45	80	4
13	59	13
32	38	9
39	55	5
60	64	16
80	98	11
29	79	2
9	34	17
76	86	4
20	87	17
13	58	18
47	61	1
85	94	12
44	99	5
14	36	5
27	53	18
7	51	1
91	93	7
40	92	13
15	78	7
94	95	11
76	97	15
34	36	4
49	91	17
41	55	19
28	39	3
73	89	3
62	93	13
16	94	16
24	92	10
97	99	20
39	48	15
4	88	8
83	91	13
8	70	10
44	92	10
31	79	15
16	82	11
70	87	6
59	72	7
1	85	14
14	63	14
12	76	14
24	37	6
9	63	11
70	71	3
74	95	6
46	52	12
77	78	4
13	99	12
61	72	6
92	93	20
41	83	1
21	30	7
34	97	1
10	96	11
2	31	7
19	66	4
76	78	1
45	64	11
87	89	13
27	56	6
60	67	16
38	74	6
54	95	11
92	98	8
49	81	7
9	32	15
91	97	12
47	70	13
3	73	1
87	93	15
79	99	15
83	96	2
43	47	5
69	98	10
58	99	8
14	38	19
17	83	20
71	93	4
38	70	3
22	29	14
27	41	16
1	95	15
6	47	5
89	99	16
80	84	2
49	69	3
2	40	8
21	46	19
41	97	8
49	79	17
48	84	10
74	97	13
69	99	18
28	92	17
82	97	16
71	78	9
18	56	1
95	99	6
46	57	4
75	92	12
59	90	18
48	66	20
15	19	1
34	49	8
87	99	14
57	99	11
40	44	8
46	51	13
45	61	5
54	88	10
74	76	11
33	62	17
46	48	20
11	81	14
69	90	20
84	94	13
92	96	20
37	49	14
45	51	4
27	72	7
65	90	12
9	40	20
46	84	14
8	79	2
78	87	16
22	66	15
25	93	7
32	61	20
4	69	11
7	57	11
52	76	16
19	31	18
17	42	7
77	89	13
26	38	20
1	31	3
34	48	11
1	44	4
94	98	14
52	56	9
37	71	9
36	93	6
75	93	12
18	19	5
44	77	11
58	83	9
57	77	4
64	82	19
62	81	19
58	86	20
86	98	6
59	68	5
52	66	20
82	83	15
28	95	1
42	93	6
6	34	6
30	48	4
39	84	10
44	55	8
3	33	17
28	41	18
16	76	13
46	55	15
43	93	11
55	73	5
50	59	19
25	61	19
37	94	4
66	97	16
5	96	9
14	35	18
92	95	16
4	50	2
8	51	14
68	85	8
53	94	20
19	50	10
24	52	16
7	99	18
84	91	10
47	72	11
28	70	11
63	73	2
49	98	10
54	99	1
20	71	5
69	87	1
7	78	1
67	88	7
31	94	14
71	88	6
67	91	2
57	85	20
0	89	14
13	41	6
62	68	2
4	98	19
16	55	20
19	29	9
42	83	7
40	49	1
64	67	18
37	75	8
39	81	12
16	31	19
25	87	6
58	93	19
42	47	7
80	92	14
82	90	10
31	60	20
76	94	3
30	93	2
68	97	18
78	92	18
10	17	6
59	94	3
10	92	10
21	94	7
1	13	3
53	74	20
18	83	15
11	61	11
11	27	10
48	62	19
0	56	4
64	75	14
86	96	7
22	44	12
77	79	13
61	71	8
7	26	12
4	43	14
83	95	20
72	80	13
38	65	17
52	92	17
76	91	6
50	55	12
30	96	3
71	85	14
6	62	15
23	97	19
50	80	9
0	1	17
0	2	18
2	3	20
3	4	20
1	5	11
2	7	8
6	8	15
4	9	6
8	11	10
7	12	3
12	14	16
1	15	11
9	18	14
2	20	19
16	21	8
17	22	3
2	23	14
