498	100	
11	41	11
55	86	2
36	83	3
73	80	11
44	62	14
62	66	13
62	82	4
24	84	13
14	82	18
73	91	19
18	48	12
88	92	9
77	79	6
14	28	2
4	19	18
93	94	12
90	94	8
81	89	12
92	99	7
46	53	13
97	99	5
50	95	9
93	95	10
77	92	3
16	97	16
17	85	14
62	90	1
83	86	11
86	99	18
16	51	19
26	79	10
65	85	19
5	56	1
4	21	14
72	87	2
64	89	20
80	92	2
17	26	5
22	66	10
37	72	20
86	98	11
6	89	18
74	79	16
5	98	20
82	88	16
40	80	9
92	97	1
49	77	9
46	96	10
70	77	2
65	70	8
56	88	4
18	87	5
68	76	20
88	93	17
39	85	2
42	89	16
75	89	11
38	79	14
91	98	5
95	99	5
43	52	17
94	96	8
0	60	11
79	90	11
63	75	2
25	57	16
21	66	10
6	32	10
26	89	12
53	90	20
14	78	10
5	10	11
15	20	10
47	58	19
50	75	13
19	93	19
77	87	13
77	89	1
24	65	6
77	98	2
0	45	7
90	92	9
54	56	12
78	80	12
96	99	9
75	92	14
76	85	5
64	97	2
72	93	6
8	15	17
62	69	5
11	55	14
65	97	11
78	94	20
65	72	10
98	99	7
47	98	1
85	90	13
4	39	2
36	98	19
93	99	6
33	61	8
89	96	3
89	93	6
81	83	7
21	43	17
72	99	2
84	92	12
44	59	2
44	71	3
27	58	4
26	63	11
73	86	11
14	90	15
13	50	6
74	93	10
5	83	13
72	95	14
29	85	7
6	54	10
75	77	12
46	89	8
3	65	15
12	23	17
12	35	11
61	77	4
79	91	15
68	90	3
7	98	9
94	98	16
59	83	5
89	91	5
34	67	16
13	87	4
79	92	4
48	82	9
46	98	6
70	89	1
3	68	17
77	93	19
39	90	5
22	80	6
11	62	7
29	79	3
97	98	17
36	90	1
77	78	19
18	71	5
40	46	1
11	47	15
52	54	10
88	89	19
39	63	15
41	67	16
67	93	17
36	63	19
58	69	3
37	38	8
82	89	17
30	85	17
45	98	7
87	99	14
17	52	13
34	80	3
25	29	7
91	94	6
33	49	14
0	75	19
89	94	18
72	91	15
62	76	8
13	16	20
34	87	19
69	81	12
57	74	3
60	93	8
70	74	6
39	98	8
78	88	8
8	18	2
18	52	2
55	87	7
82	95	12
94	95	4
95	97	6
35	55	13
30	86	6
63	78	19
0	35	14
33	54	16
74	86	9
95	96	12
52	91	7
75	90	1
75	87	17
22	78	2
76	77	20
76	86	11
51	62	6
32	74	12
39	49	15
45	87	9
28	78	16
84	88	2
17	79	12
28	71	2
46	54	17
31	76	1
51	90	11
61	89	11
9	60	14
61	71	10
46	97	8
15	33	19
38	41	7
59	60	5
94	99	8
75	98	12
15	62	3
61	62	11
64	65	10
96	98	7
7	95	6
55	71	7
12	80	11
21	40	2
35	98	7
53	83	5
17	83	13
34	37	9
46	75	15
10	58	12
40	54	16
88	91	10
51	66	9
49	52	9
81	84	19
20	23	20
29	50	10
75	82	5
34	58	6
74	77	3
34	53	5
35	51	13
47	53	11
22	87	2
31	50	13
81	94	7
35	75	7
57	71	20
22	77	11
13	35	15
32	96	19
93	96	11
76	79	20
1	82	16
30	39	13
13	34	11
45	56	12
94	97	18
65	73	12
42	72	12
91	92	19
64	90	1
51	65	3
21	47	2
32	57	9
28	51	3
52	64	20
64	93	2
93	98	7
19	73	11
9	35	4
85	94	7
53	94	3
30	56	11
27	97	10
95	98	7
84	86	17
43	61	9
23	84	9
14	79	8
64	73	6
39	61	19
54	76	15
66	94	10
1	67	2
22	58	20
78	97	16
11	28	8
40	86	8
88	90	10
68	72	10
22	64	20
17	73	17
4	36	15
30	59	2
58	93	3
31	99	16
64	69	16
2	90	18
39	51	10
24	45	19
79	87	1
63	69	4
42	50	9
53	88	3
70	94	18
82	99	3
24	94	9
84	96	12
50	79	11
43	95	17
51	96	9
62	93	9
22	88	10
63	77	19
23	91	1
43	47	5
37	90	3
86	97	2
70	92	8
21	55	1
46	47	3
56	86	2
92	98	8
33	39	2
20	68	1
34	72	6
59	68	11
24	83	7
26	80	12
53	62	16
38	46	15
15	84	9
92	95	13
75	94	17
68	91	5
80	84	6
1	7	17
70	90	9
42	76	11
52	53	20
14	69	3
44	65	18
52	60	3
58	60	10
37	56	19
86	94	2
22	28	1
52	63	6
44	68	17
89	98	14
61	96	7
10	42	7
45	91	8
48	87	4
26	64	6
13	84	9
37	96	9
48	49	9
33	82	5
54	80	17
74	80	3
6	87	1
4	55	16
7	52	1
74	91	2
25	59	4
74	89	17
77	82	17
23	48	11
83	88	6
61	80	2
31	90	17
54	64	19
10	36	7
8	82	20
23	97	2
37	57	2
64	72	8
9	47	7
56	95	11
35	45	17
52	93	8
17	74	20
64	83	5
12	79	4
42	55	2
40	55	11
27	33	5
11	53	11
69	83	16
23	45	19
44	57	3
60	64	4
37	71	19
66	75	10
43	88	20
48	60	15
86	90	4
7	83	15
25	87	10
45	47	16
19	63	15
66	89	5
23	53	8
89	92	20
77	84	13
71	82	15
48	97	5
75	99	8
38	74	6
37	67	4
28	41	17
2	15	10
2	61	15
47	81	14
14	80	10
1	31	19
1	9	20
4	35	17
68	75	17
44	67	13
5	50	12
70	96	5
61	88	7
46	80	2
71	92	17
32	45	6
60	63	2
52	98	15
21	91	7
31	94	9
76	84	8
4	59	18
81	93	12
2	62	20
31	64	18
7	57	17
80	95	6
62	94	3
96	97	8
68	87	2
60	86	5
40	95	4
50	66	5
57	78	9
56	69	9
81	86	14
28	67	18
39	46	19
4	65	12
41	71	4
38	80	11
60	72	10
38	76	18
72	74	18
84	91	7
53	86	5
90	98	1
73	94	1
28	85	18
1	45	20
60	95	20
21	50	12
4	68	8
66	71	17
45	85	7
88	94	1
66	69	6
31	92	5
38	85	3
68	71	12
7	62	12
29	77	17
11	66	15
47	71	8
18	73	11
0	1	5
0	2	10
0	3	19
1	4	3
3	5	8
3	6	17
1	8	13
5	11	6
9	12	5
8	13	5
9	14	6
2	17	2
19	22	19
22	24	9
4	25	9
2	27	15
11	30	5
1	44	16
