492	100	
18	30	14
90	98	2
50	54	18
24	40	4
91	94	1
69	76	2
29	93	13
84	96	11
34	76	2
26	84	3
91	95	6
8	64	19
9	86	7
98	99	7
46	49	4
28	87	17
49	51	6
17	44	14
70	85	4
89	90	19
87	92	18
9	99	3
4	76	8
77	85	3
63	70	8
23	68	1
85	89	11
23	59	1
0	23	15
86	99	9
21	66	8
74	77	12
34	42	11
72	79	14
19	77	19
43	76	4
19	62	17
58	72	12
68	93	19
71	81	15
27	40	8
1	98	4
72	96	10
80	83	9
44	91	15
10	57	5
53	61	2
88	94	4
71	84	4
72	92	18
33	95	4
18	22	6
23	52	17
26	66	13
87	94	16
37	70	17
38	67	19
52	80	16
36	80	15
38	57	12
3	35	19
55	57	8
77	89	16
71	74	13
55	63	2
44	67	18
61	79	2
2	98	18
15	90	18
6	75	19
96	98	4
48	50	15
71	77	16
68	94	14
20	27	10
52	59	15
63	66	20
87	98	3
50	98	3
85	98	5
78	95	13
83	94	19
67	74	20
13	89	1
73	75	2
42	91	2
92	94	4
51	73	3
61	75	10
5	74	14
18	59	11
90	95	15
94	96	1
58	82	7
76	93	6
93	95	14
35	72	18
15	23	14
1	6	6
45	75	9
43	75	10
97	98	6
14	27	15
32	38	5
28	29	14
62	65	18
72	73	3
44	92	13
36	42	5
46	73	9
15	52	17
2	7	15
13	51	8
32	61	3
15	81	9
69	75	19
65	81	20
11	71	6
25	68	14
16	61	7
89	94	2
83	85	3
62	74	13
65	67	13
26	32	6
69	78	5
71	90	19
72	80	4
46	58	5
54	74	5
30	89	7
36	89	7
75	94	20
89	98	4
87	93	9
53	58	5
76	87	18
54	81	5
79	90	8
27	92	1
84	99	5
78	88	20
23	92	7
44	60	8
96	99	18
8	25	10
23	35	15
18	37	14
61	73	4
82	94	7
87	97	1
69	94	10
97	99	11
42	59	10
80	98	12
27	77	1
18	90	15
95	96	17
52	85	15
76	77	20
14	25	7
12	97	13
51	96	5
58	95	12
3	71	10
26	94	16
7	36	19
2	21	8
5	33	16
78	90	17
69	87	11
55	61	1
7	18	8
47	64	18
26	80	3
17	99	9
67	87	7
61	63	7
39	95	9
45	53	10
65	92	9
37	77	7
62	89	1
7	33	4
4	85	15
48	71	5
74	78	14
47	98	15
28	82	15
13	65	19
6	84	15
67	77	6
35	50	18
13	97	10
40	53	13
29	36	11
79	92	2
75	85	2
84	90	19
6	64	1
45	94	7
10	75	6
26	77	14
35	59	5
76	81	14
23	49	16
74	82	1
72	88	13
78	84	6
91	96	5
80	93	3
14	69	7
51	54	13
11	75	2
20	34	9
2	80	10
27	81	4
55	70	16
2	26	2
85	94	11
22	70	17
20	31	1
1	11	19
36	59	3
85	86	1
33	53	18
7	88	15
64	82	12
70	84	7
13	39	3
35	49	14
34	92	5
3	52	5
66	92	5
91	98	2
27	41	9
72	86	19
86	95	15
75	86	1
30	31	2
17	73	11
10	63	8
43	79	18
54	65	13
83	89	7
35	77	10
92	98	12
75	95	16
95	99	3
36	86	8
39	84	14
6	9	16
77	97	4
4	42	10
30	37	17
57	71	13
52	94	1
10	81	20
41	72	20
57	90	3
43	50	5
17	25	12
19	48	7
48	77	13
37	90	15
1	19	6
13	34	17
4	39	17
76	97	13
81	85	12
64	99	12
61	66	11
17	81	20
64	78	12
85	91	11
52	64	8
47	92	7
50	99	8
33	98	7
2	13	2
23	71	15
78	80	15
51	77	16
68	98	17
86	93	7
17	45	10
13	84	20
30	73	13
76	92	15
47	68	12
81	96	20
90	96	12
4	17	4
54	78	4
36	57	20
30	58	17
5	35	12
7	32	10
90	91	10
35	93	1
80	95	16
42	60	3
68	89	7
6	82	7
55	79	6
7	28	12
54	80	17
6	73	8
45	52	10
84	87	19
91	97	11
8	40	14
79	80	20
63	94	18
22	81	19
2	68	19
63	72	1
64	67	13
64	72	16
10	86	13
30	97	19
0	9	3
33	56	1
65	74	3
63	97	3
55	80	1
58	74	6
58	89	17
59	67	13
4	21	3
67	89	20
7	27	17
10	42	2
18	44	3
46	86	18
24	82	18
88	96	16
4	97	9
71	99	20
22	47	2
2	59	6
95	97	17
1	97	9
16	62	5
92	96	12
50	92	1
91	99	16
64	70	2
87	89	6
84	85	20
80	94	9
48	65	18
24	77	18
9	37	16
31	99	3
14	42	7
15	49	15
45	93	20
11	78	7
94	99	9
27	83	6
37	51	13
72	98	6
80	87	16
68	73	14
70	90	14
70	86	15
55	71	7
52	99	4
55	58	6
93	94	15
12	62	7
81	97	7
41	51	18
87	96	8
47	57	4
40	51	11
0	58	12
14	90	10
87	99	5
68	99	7
3	36	8
27	87	1
15	38	6
84	86	13
30	66	10
92	95	10
46	57	16
83	92	17
36	93	9
48	56	20
8	57	9
78	79	13
3	43	15
52	82	7
13	85	5
48	68	1
22	59	14
21	75	1
21	22	13
56	68	1
62	63	1
22	94	10
41	89	20
24	48	12
33	91	8
48	92	4
23	30	15
41	90	14
59	90	19
61	65	14
46	52	20
34	66	9
73	97	20
39	60	17
62	91	11
2	38	1
82	95	5
80	81	5
82	93	13
9	55	9
72	89	3
1	7	11
31	68	5
82	97	17
60	91	18
39	52	15
35	42	14
74	93	18
10	38	1
58	87	8
78	93	1
13	71	20
59	64	9
7	44	2
24	41	12
15	93	16
96	97	5
31	59	20
20	67	16
55	74	1
2	84	2
63	95	12
10	60	15
10	15	20
24	66	1
80	99	11
67	73	9
68	70	19
5	72	6
3	46	8
77	78	12
73	91	9
72	82	7
83	86	8
35	85	14
20	23	10
49	58	14
57	98	11
51	93	14
37	57	10
60	66	15
93	96	10
80	89	2
5	81	15
89	96	6
49	89	18
55	73	3
81	83	13
26	73	4
27	98	19
18	21	11
28	37	8
56	89	4
33	97	12
93	99	18
21	23	8
47	75	7
33	66	8
36	37	11
0	1	8
1	2	1
1	3	19
1	4	1
0	5	10
1	8	17
1	10	17
2	12	11
9	14	8
1	16	18
10	20	15
21	24	18
