495	100	
27	93	12
42	74	8
48	67	7
60	94	9
14	83	13
39	88	9
78	99	18
89	91	11
69	99	1
54	71	20
14	80	5
57	82	17
39	57	20
18	75	15
98	99	18
81	85	7
44	46	12
71	95	16
46	48	12
61	64	17
20	74	2
55	71	12
34	71	3
78	96	19
29	30	16
25	71	12
9	43	15
72	94	4
14	39	3
42	47	5
81	87	14
76	83	4
66	77	16
11	31	10
56	75	12
65	98	11
96	98	5
57	92	14
78	89	1
46	63	10
67	93	3
10	20	19
46	88	19
82	99	13
77	84	3
24	97	12
11	15	4
12	76	12
14	41	10
6	61	8
74	78	11
32	72	9
36	47	16
76	80	9
73	81	15
21	26	9
72	78	18
92	98	17
41	82	10
35	54	8
33	40	3
8	42	7
1	55	7
17	49	11
14	53	7
83	85	15
20	55	2
94	97	20
13	85	12
59	85	5
3	13	15
97	98	8
50	87	4
15	18	19
21	95	1
18	71	13
13	83	7
88	89	15
89	97	11
9	87	14
91	92	3
82	94	20
42	77	12
74	85	17
34	78	13
63	78	1
3	86	15
31	83	9
7	55	19
33	85	5
53	85	16
10	75	10
93	94	14
96	97	10
36	44	17
51	78	20
77	86	18
32	84	9
10	94	20
36	89	13
21	70	5
12	44	4
25	65	8
46	91	13
50	58	9
78	80	4
38	78	11
92	94	3
76	78	17
58	74	16
28	97	17
60	69	6
61	87	12
80	86	3
91	95	18
53	68	17
19	21	20
47	71	10
28	84	10
21	43	5
49	90	16
52	76	3
10	22	15
71	79	14
60	95	16
60	77	20
77	82	8
79	92	19
83	94	1
81	83	18
20	86	13
78	79	5
22	99	9
86	97	6
57	58	20
87	99	9
56	65	15
16	42	9
73	99	3
52	53	11
57	63	9
51	97	16
45	79	20
38	45	9
84	97	11
39	65	15
54	90	10
55	68	4
63	94	14
39	77	4
63	79	18
21	61	9
94	99	11
54	89	16
82	98	4
15	70	6
2	93	5
37	84	16
23	85	9
17	38	17
61	98	1
64	97	8
0	90	17
84	89	5
67	82	14
46	68	11
25	58	13
81	91	15
87	94	4
22	46	11
73	85	16
3	61	11
64	93	6
30	66	7
90	92	8
27	81	14
38	64	17
42	83	18
59	77	16
70	71	7
26	43	7
55	80	1
12	98	11
25	35	9
5	83	8
19	87	16
10	72	14
38	77	9
59	97	15
56	83	6
10	27	12
5	68	19
37	62	4
87	95	18
89	90	8
30	52	14
66	80	19
43	56	13
49	94	1
10	99	11
52	57	18
85	86	16
74	82	8
61	65	6
15	24	2
76	95	7
36	56	7
27	34	14
88	96	2
59	96	13
52	63	1
19	41	12
78	86	16
84	96	16
26	65	20
59	87	1
0	47	14
12	78	11
86	93	2
38	96	15
93	96	13
15	21	3
83	87	1
44	87	13
35	39	12
32	85	18
51	96	14
82	92	14
14	24	18
91	94	16
48	81	5
93	97	10
82	89	7
90	99	13
54	77	2
5	42	2
6	7	2
17	51	2
53	61	19
31	39	9
59	69	3
5	7	14
0	63	7
5	38	10
70	92	15
81	99	17
46	90	8
5	13	19
60	87	16
16	33	15
0	11	3
54	86	7
38	80	6
64	94	12
86	96	11
30	60	19
50	73	7
20	64	8
33	51	1
65	99	17
73	91	19
78	92	8
62	65	16
57	61	6
48	53	11
8	19	5
61	74	10
86	90	4
45	93	12
51	55	3
14	20	12
24	94	4
93	98	11
76	89	11
28	98	16
80	95	14
67	83	10
37	39	12
45	64	8
79	81	12
76	96	20
89	98	5
62	89	11
17	24	8
14	78	10
1	5	16
3	42	12
90	98	7
54	79	9
21	49	14
16	73	9
90	91	1
71	94	3
67	70	6
32	94	1
14	79	9
21	88	3
15	66	3
52	71	12
88	95	17
80	81	2
59	75	17
26	66	11
97	99	3
82	96	1
65	71	19
61	97	2
22	51	15
11	94	8
70	78	19
68	89	16
25	28	16
27	97	7
96	99	16
61	92	7
52	87	14
58	59	16
1	64	14
7	19	10
32	98	6
43	49	20
42	84	2
19	91	5
34	88	7
1	36	8
39	59	14
25	26	10
40	51	13
38	82	10
39	69	9
39	40	19
32	74	9
47	64	19
79	97	7
23	86	3
66	88	17
53	94	18
59	70	1
85	91	13
13	42	15
76	84	5
47	49	2
83	98	15
69	72	18
24	85	4
94	98	6
31	59	14
83	90	4
32	46	15
21	30	9
47	55	13
38	81	8
72	97	18
20	35	20
42	82	15
83	89	14
25	45	5
93	95	8
45	47	17
66	79	17
31	41	13
27	45	4
74	89	6
52	92	12
75	77	8
7	26	9
88	97	1
4	95	1
30	67	5
22	33	8
1	48	8
71	77	10
68	77	18
71	90	10
49	72	5
68	94	10
58	67	13
16	99	14
38	58	4
67	81	16
16	92	8
6	31	5
18	62	5
52	72	17
50	77	8
74	90	9
65	69	19
88	93	3
32	37	4
56	92	2
2	61	8
84	92	6
39	71	3
74	97	18
22	74	20
50	68	13
94	95	15
77	80	3
26	41	17
57	80	12
56	82	10
65	92	5
10	24	4
37	91	20
54	70	20
38	66	2
53	92	9
88	91	1
54	63	16
48	65	9
86	95	14
17	45	11
71	92	3
22	77	15
21	32	5
53	67	6
65	77	4
16	21	18
63	98	16
31	86	12
38	56	3
18	37	8
88	99	14
42	67	4
29	98	8
9	39	1
95	96	20
83	84	7
52	89	9
70	83	1
79	93	9
75	85	1
81	86	7
90	96	16
37	74	9
87	90	9
45	68	2
84	93	16
94	96	10
74	86	12
16	47	8
11	92	7
75	96	3
1	81	17
15	65	8
53	93	5
63	80	6
48	60	8
92	95	16
44	90	15
44	79	10
22	64	15
15	43	2
25	87	19
39	68	1
3	24	13
42	51	14
41	92	20
6	19	1
78	81	20
57	71	11
70	90	4
36	71	11
69	83	20
5	95	6
29	38	5
29	54	13
73	77	14
1	43	7
33	74	4
74	75	15
25	63	19
37	63	20
39	85	14
1	99	14
48	97	14
55	78	1
23	25	17
95	97	5
78	97	4
0	1	19
0	2	10
1	3	3
1	4	15
0	6	7
1	8	1
5	9	15
8	10	17
6	12	14
5	14	4
1	16	3
0	17	15
17	23	10
26	29	12
5	50	1
